1 10 23 15 7 19 30 2 7 13 111 666
2 1 7 12 30 17 19 22 27 24 112
3 19 21 17 15 13 11 10 7 30
4 28 26 25 23 22 19 18 15 14
5 30 29 27 24 22 20 18 17 16
6 7 15 21 28 26 23 19 13 10
7 8 16 22 30 27 2 25 20 14 11
8 9 17 23 28 24 21 16 12 13
9 10 18 24 29 25 22 17 13 14
10 11 19 25 30 26 23 18 14 15
11 12 20 26 27 23 19 15 10 7
12 13 21 27 28 24 20 16 11 8
13 14 22 28 29 25 21 17 12 9
14 15 23 29 30 26 22 18 13 10
15 16 24 30 27 23 19 14 9 5
16 17 25 28 24 20 16 12 8 4
17 18 26 29 25 21 17 13 9 6
18 19 27 30 26 22 18 14 10 7
19 20 28 27 23 19 15 11 6 3
20 21 29 28 24 20 16 12 7 4
21